digraph Tree {
node [shape=box] ;
0 [label="X[12] <= 3.7\ngini = 0.949\nsamples = 102\nvalue = [1, 1, 1, 1, 1, 3, 5, 6, 2, 3, 4, 1, 4, 2\n6, 3, 3, 7, 8, 6, 7, 4, 2, 5, 6, 8, 2]"] ;
1 [label="X[4] <= 11.15\ngini = 0.766\nsamples = 21\nvalue = [0, 0, 0, 0, 0, 0, 0, 0, 0, 0, 0, 0, 0, 0\n0, 0, 0, 1, 2, 0, 0, 0, 1, 2, 5, 8, 2]"] ;
0 -> 1 [labeldistance=2.5, labelangle=45, headlabel="True"] ;
2 [label="X[13] <= 22.05\ngini = 0.809\nsamples = 15\nvalue = [0, 0, 0, 0, 0, 0, 0, 0, 0, 0, 0, 0, 0, 0\n0, 0, 0, 1, 2, 0, 0, 0, 1, 2, 5, 2, 2]"] ;
1 -> 2 ;
3 [label="X[20] <= 4567553.0\ngini = 0.617\nsamples = 9\nvalue = [0, 0, 0, 0, 0, 0, 0, 0, 0, 0, 0, 0, 0, 0\n0, 0, 0, 0, 0, 0, 0, 0, 1, 1, 5, 2, 0]"] ;
2 -> 3 ;
4 [label="gini = 0.0\nsamples = 2\nvalue = [0, 0, 0, 0, 0, 0, 0, 0, 0, 0, 0, 0, 0, 0\n0, 0, 0, 0, 0, 0, 0, 0, 0, 0, 0, 2, 0]"] ;
3 -> 4 ;
5 [label="X[19] <= 3.12\ngini = 0.449\nsamples = 7\nvalue = [0, 0, 0, 0, 0, 0, 0, 0, 0, 0, 0, 0, 0, 0\n0, 0, 0, 0, 0, 0, 0, 0, 1, 1, 5, 0, 0]"] ;
3 -> 5 ;
6 [label="X[8] <= 1.625\ngini = 0.5\nsamples = 2\nvalue = [0, 0, 0, 0, 0, 0, 0, 0, 0, 0, 0, 0, 0, 0\n0, 0, 0, 0, 0, 0, 0, 0, 1, 1, 0, 0, 0]"] ;
5 -> 6 ;
7 [label="gini = 0.0\nsamples = 1\nvalue = [0, 0, 0, 0, 0, 0, 0, 0, 0, 0, 0, 0, 0, 0\n0, 0, 0, 0, 0, 0, 0, 0, 0, 1, 0, 0, 0]"] ;
6 -> 7 ;
8 [label="gini = 0.0\nsamples = 1\nvalue = [0, 0, 0, 0, 0, 0, 0, 0, 0, 0, 0, 0, 0, 0\n0, 0, 0, 0, 0, 0, 0, 0, 1, 0, 0, 0, 0]"] ;
6 -> 8 ;
9 [label="gini = 0.0\nsamples = 5\nvalue = [0, 0, 0, 0, 0, 0, 0, 0, 0, 0, 0, 0, 0, 0\n0, 0, 0, 0, 0, 0, 0, 0, 0, 0, 5, 0, 0]"] ;
5 -> 9 ;
10 [label="X[8] <= 1.295\ngini = 0.722\nsamples = 6\nvalue = [0, 0, 0, 0, 0, 0, 0, 0, 0, 0, 0, 0, 0, 0\n0, 0, 0, 1, 2, 0, 0, 0, 0, 1, 0, 0, 2]"] ;
2 -> 10 ;
11 [label="gini = 0.0\nsamples = 2\nvalue = [0, 0, 0, 0, 0, 0, 0, 0, 0, 0, 0, 0, 0, 0\n0, 0, 0, 0, 0, 0, 0, 0, 0, 0, 0, 0, 2]"] ;
10 -> 11 ;
12 [label="X[19] <= 6.435\ngini = 0.625\nsamples = 4\nvalue = [0, 0, 0, 0, 0, 0, 0, 0, 0, 0, 0, 0, 0, 0\n0, 0, 0, 1, 2, 0, 0, 0, 0, 1, 0, 0, 0]"] ;
10 -> 12 ;
13 [label="gini = 0.0\nsamples = 2\nvalue = [0, 0, 0, 0, 0, 0, 0, 0, 0, 0, 0, 0, 0, 0\n0, 0, 0, 0, 2, 0, 0, 0, 0, 0, 0, 0, 0]"] ;
12 -> 13 ;
14 [label="X[0] <= 80.5\ngini = 0.5\nsamples = 2\nvalue = [0, 0, 0, 0, 0, 0, 0, 0, 0, 0, 0, 0, 0, 0\n0, 0, 0, 1, 0, 0, 0, 0, 0, 1, 0, 0, 0]"] ;
12 -> 14 ;
15 [label="gini = 0.0\nsamples = 1\nvalue = [0, 0, 0, 0, 0, 0, 0, 0, 0, 0, 0, 0, 0, 0\n0, 0, 0, 1, 0, 0, 0, 0, 0, 0, 0, 0, 0]"] ;
14 -> 15 ;
16 [label="gini = 0.0\nsamples = 1\nvalue = [0, 0, 0, 0, 0, 0, 0, 0, 0, 0, 0, 0, 0, 0\n0, 0, 0, 0, 0, 0, 0, 0, 0, 1, 0, 0, 0]"] ;
14 -> 16 ;
17 [label="gini = 0.0\nsamples = 6\nvalue = [0, 0, 0, 0, 0, 0, 0, 0, 0, 0, 0, 0, 0, 0\n0, 0, 0, 0, 0, 0, 0, 0, 0, 0, 0, 6, 0]"] ;
1 -> 17 ;
18 [label="X[12] <= 23.25\ngini = 0.945\nsamples = 81\nvalue = [1, 1, 1, 1, 1, 3, 5, 6, 2, 3, 4, 1, 4, 2\n6, 3, 3, 6, 6, 6, 7, 4, 1, 3, 1, 0, 0]"] ;
0 -> 18 [labeldistance=2.5, labelangle=-45, headlabel="False"] ;
19 [label="X[6] <= 118.725\ngini = 0.891\nsamples = 46\nvalue = [0, 0, 0, 0, 0, 0, 0, 0, 0, 0, 1, 0, 0, 1\n6, 2, 2, 6, 6, 6, 7, 4, 1, 3, 1, 0, 0]"] ;
18 -> 19 ;
20 [label="X[13] <= 17.1\ngini = 0.71\nsamples = 13\nvalue = [0, 0, 0, 0, 0, 0, 0, 0, 0, 0, 0, 0, 0, 0\n0, 0, 1, 1, 0, 0, 6, 3, 0, 1, 1, 0, 0]"] ;
19 -> 20 ;
21 [label="X[19] <= 5.85\ngini = 0.667\nsamples = 6\nvalue = [0, 0, 0, 0, 0, 0, 0, 0, 0, 0, 0, 0, 0, 0\n0, 0, 0, 0, 0, 0, 1, 3, 0, 1, 1, 0, 0]"] ;
20 -> 21 ;
22 [label="X[17] <= 7.65\ngini = 0.667\nsamples = 3\nvalue = [0, 0, 0, 0, 0, 0, 0, 0, 0, 0, 0, 0, 0, 0\n0, 0, 0, 0, 0, 0, 1, 0, 0, 1, 1, 0, 0]"] ;
21 -> 22 ;
23 [label="gini = 0.0\nsamples = 1\nvalue = [0, 0, 0, 0, 0, 0, 0, 0, 0, 0, 0, 0, 0, 0\n0, 0, 0, 0, 0, 0, 1, 0, 0, 0, 0, 0, 0]"] ;
22 -> 23 ;
24 [label="X[7] <= 0.6\ngini = 0.5\nsamples = 2\nvalue = [0, 0, 0, 0, 0, 0, 0, 0, 0, 0, 0, 0, 0, 0\n0, 0, 0, 0, 0, 0, 0, 0, 0, 1, 1, 0, 0]"] ;
22 -> 24 ;
25 [label="gini = 0.0\nsamples = 1\nvalue = [0, 0, 0, 0, 0, 0, 0, 0, 0, 0, 0, 0, 0, 0\n0, 0, 0, 0, 0, 0, 0, 0, 0, 1, 0, 0, 0]"] ;
24 -> 25 ;
26 [label="gini = 0.0\nsamples = 1\nvalue = [0, 0, 0, 0, 0, 0, 0, 0, 0, 0, 0, 0, 0, 0\n0, 0, 0, 0, 0, 0, 0, 0, 0, 0, 1, 0, 0]"] ;
24 -> 26 ;
27 [label="gini = 0.0\nsamples = 3\nvalue = [0, 0, 0, 0, 0, 0, 0, 0, 0, 0, 0, 0, 0, 0\n0, 0, 0, 0, 0, 0, 0, 3, 0, 0, 0, 0, 0]"] ;
21 -> 27 ;
28 [label="X[20] <= 895446.5\ngini = 0.449\nsamples = 7\nvalue = [0, 0, 0, 0, 0, 0, 0, 0, 0, 0, 0, 0, 0, 0\n0, 0, 1, 1, 0, 0, 5, 0, 0, 0, 0, 0, 0]"] ;
20 -> 28 ;
29 [label="X[12] <= 9.75\ngini = 0.5\nsamples = 2\nvalue = [0, 0, 0, 0, 0, 0, 0, 0, 0, 0, 0, 0, 0, 0\n0, 0, 1, 1, 0, 0, 0, 0, 0, 0, 0, 0, 0]"] ;
28 -> 29 ;
30 [label="gini = 0.0\nsamples = 1\nvalue = [0, 0, 0, 0, 0, 0, 0, 0, 0, 0, 0, 0, 0, 0\n0, 0, 1, 0, 0, 0, 0, 0, 0, 0, 0, 0, 0]"] ;
29 -> 30 ;
31 [label="gini = 0.0\nsamples = 1\nvalue = [0, 0, 0, 0, 0, 0, 0, 0, 0, 0, 0, 0, 0, 0\n0, 0, 0, 1, 0, 0, 0, 0, 0, 0, 0, 0, 0]"] ;
29 -> 31 ;
32 [label="gini = 0.0\nsamples = 5\nvalue = [0, 0, 0, 0, 0, 0, 0, 0, 0, 0, 0, 0, 0, 0\n0, 0, 0, 0, 0, 0, 5, 0, 0, 0, 0, 0, 0]"] ;
28 -> 32 ;
33 [label="X[5] <= 7715.0\ngini = 0.865\nsamples = 33\nvalue = [0, 0, 0, 0, 0, 0, 0, 0, 0, 0, 1, 0, 0, 1\n6, 2, 1, 5, 6, 6, 1, 1, 1, 2, 0, 0, 0]"] ;
19 -> 33 ;
34 [label="X[20] <= 510514.0\ngini = 0.612\nsamples = 7\nvalue = [0, 0, 0, 0, 0, 0, 0, 0, 0, 0, 1, 0, 0, 0\n1, 0, 0, 4, 0, 0, 0, 0, 1, 0, 0, 0, 0]"] ;
33 -> 34 ;
35 [label="X[2] <= 9352.0\ngini = 0.667\nsamples = 3\nvalue = [0, 0, 0, 0, 0, 0, 0, 0, 0, 0, 1, 0, 0, 0\n1, 0, 0, 0, 0, 0, 0, 0, 1, 0, 0, 0, 0]"] ;
34 -> 35 ;
36 [label="gini = 0.0\nsamples = 1\nvalue = [0, 0, 0, 0, 0, 0, 0, 0, 0, 0, 0, 0, 0, 0\n0, 0, 0, 0, 0, 0, 0, 0, 1, 0, 0, 0, 0]"] ;
35 -> 36 ;
37 [label="X[12] <= 19.25\ngini = 0.5\nsamples = 2\nvalue = [0, 0, 0, 0, 0, 0, 0, 0, 0, 0, 1, 0, 0, 0\n1, 0, 0, 0, 0, 0, 0, 0, 0, 0, 0, 0, 0]"] ;
35 -> 37 ;
38 [label="gini = 0.0\nsamples = 1\nvalue = [0, 0, 0, 0, 0, 0, 0, 0, 0, 0, 0, 0, 0, 0\n1, 0, 0, 0, 0, 0, 0, 0, 0, 0, 0, 0, 0]"] ;
37 -> 38 ;
39 [label="gini = 0.0\nsamples = 1\nvalue = [0, 0, 0, 0, 0, 0, 0, 0, 0, 0, 1, 0, 0, 0\n0, 0, 0, 0, 0, 0, 0, 0, 0, 0, 0, 0, 0]"] ;
37 -> 39 ;
40 [label="gini = 0.0\nsamples = 4\nvalue = [0, 0, 0, 0, 0, 0, 0, 0, 0, 0, 0, 0, 0, 0\n0, 0, 0, 4, 0, 0, 0, 0, 0, 0, 0, 0, 0]"] ;
34 -> 40 ;
41 [label="X[12] <= 15.75\ngini = 0.837\nsamples = 26\nvalue = [0, 0, 0, 0, 0, 0, 0, 0, 0, 0, 0, 0, 0, 1\n5, 2, 1, 1, 6, 6, 1, 1, 0, 2, 0, 0, 0]"] ;
33 -> 41 ;
42 [label="X[14] <= 1.68\ngini = 0.761\nsamples = 17\nvalue = [0, 0, 0, 0, 0, 0, 0, 0, 0, 0, 0, 0, 0, 0\n1, 1, 0, 0, 6, 5, 1, 1, 0, 2, 0, 0, 0]"] ;
41 -> 42 ;
43 [label="X[15] <= 10720418.0\ngini = 0.32\nsamples = 5\nvalue = [0, 0, 0, 0, 0, 0, 0, 0, 0, 0, 0, 0, 0, 0\n0, 0, 0, 0, 1, 4, 0, 0, 0, 0, 0, 0, 0]"] ;
42 -> 43 ;
44 [label="gini = 0.0\nsamples = 1\nvalue = [0, 0, 0, 0, 0, 0, 0, 0, 0, 0, 0, 0, 0, 0\n0, 0, 0, 0, 1, 0, 0, 0, 0, 0, 0, 0, 0]"] ;
43 -> 44 ;
45 [label="gini = 0.0\nsamples = 4\nvalue = [0, 0, 0, 0, 0, 0, 0, 0, 0, 0, 0, 0, 0, 0\n0, 0, 0, 0, 0, 4, 0, 0, 0, 0, 0, 0, 0]"] ;
43 -> 45 ;
46 [label="X[7] <= 4.15\ngini = 0.764\nsamples = 12\nvalue = [0, 0, 0, 0, 0, 0, 0, 0, 0, 0, 0, 0, 0, 0\n1, 1, 0, 0, 5, 1, 1, 1, 0, 2, 0, 0, 0]"] ;
42 -> 46 ;
47 [label="X[5] <= 35008.5\ngini = 0.531\nsamples = 8\nvalue = [0, 0, 0, 0, 0, 0, 0, 0, 0, 0, 0, 0, 0, 0\n0, 0, 0, 0, 5, 0, 0, 1, 0, 2, 0, 0, 0]"] ;
46 -> 47 ;
48 [label="X[7] <= 2.55\ngini = 0.5\nsamples = 2\nvalue = [0, 0, 0, 0, 0, 0, 0, 0, 0, 0, 0, 0, 0, 0\n0, 0, 0, 0, 0, 0, 0, 1, 0, 1, 0, 0, 0]"] ;
47 -> 48 ;
49 [label="gini = 0.0\nsamples = 1\nvalue = [0, 0, 0, 0, 0, 0, 0, 0, 0, 0, 0, 0, 0, 0\n0, 0, 0, 0, 0, 0, 0, 0, 0, 1, 0, 0, 0]"] ;
48 -> 49 ;
50 [label="gini = 0.0\nsamples = 1\nvalue = [0, 0, 0, 0, 0, 0, 0, 0, 0, 0, 0, 0, 0, 0\n0, 0, 0, 0, 0, 0, 0, 1, 0, 0, 0, 0, 0]"] ;
48 -> 50 ;
51 [label="X[17] <= 16.4\ngini = 0.278\nsamples = 6\nvalue = [0, 0, 0, 0, 0, 0, 0, 0, 0, 0, 0, 0, 0, 0\n0, 0, 0, 0, 5, 0, 0, 0, 0, 1, 0, 0, 0]"] ;
47 -> 51 ;
52 [label="gini = 0.0\nsamples = 4\nvalue = [0, 0, 0, 0, 0, 0, 0, 0, 0, 0, 0, 0, 0, 0\n0, 0, 0, 0, 4, 0, 0, 0, 0, 0, 0, 0, 0]"] ;
51 -> 52 ;
53 [label="X[4] <= 10.815\ngini = 0.5\nsamples = 2\nvalue = [0, 0, 0, 0, 0, 0, 0, 0, 0, 0, 0, 0, 0, 0\n0, 0, 0, 0, 1, 0, 0, 0, 0, 1, 0, 0, 0]"] ;
51 -> 53 ;
54 [label="gini = 0.0\nsamples = 1\nvalue = [0, 0, 0, 0, 0, 0, 0, 0, 0, 0, 0, 0, 0, 0\n0, 0, 0, 0, 1, 0, 0, 0, 0, 0, 0, 0, 0]"] ;
53 -> 54 ;
55 [label="gini = 0.0\nsamples = 1\nvalue = [0, 0, 0, 0, 0, 0, 0, 0, 0, 0, 0, 0, 0, 0\n0, 0, 0, 0, 0, 0, 0, 0, 0, 1, 0, 0, 0]"] ;
53 -> 55 ;
56 [label="X[6] <= 206.75\ngini = 0.75\nsamples = 4\nvalue = [0, 0, 0, 0, 0, 0, 0, 0, 0, 0, 0, 0, 0, 0\n1, 1, 0, 0, 0, 1, 1, 0, 0, 0, 0, 0, 0]"] ;
46 -> 56 ;
57 [label="gini = 0.0\nsamples = 1\nvalue = [0, 0, 0, 0, 0, 0, 0, 0, 0, 0, 0, 0, 0, 0\n0, 1, 0, 0, 0, 0, 0, 0, 0, 0, 0, 0, 0]"] ;
56 -> 57 ;
58 [label="X[16] <= 53.5\ngini = 0.667\nsamples = 3\nvalue = [0, 0, 0, 0, 0, 0, 0, 0, 0, 0, 0, 0, 0, 0\n1, 0, 0, 0, 0, 1, 1, 0, 0, 0, 0, 0, 0]"] ;
56 -> 58 ;
59 [label="gini = 0.0\nsamples = 1\nvalue = [0, 0, 0, 0, 0, 0, 0, 0, 0, 0, 0, 0, 0, 0\n0, 0, 0, 0, 0, 0, 1, 0, 0, 0, 0, 0, 0]"] ;
58 -> 59 ;
60 [label="X[12] <= 8.15\ngini = 0.5\nsamples = 2\nvalue = [0, 0, 0, 0, 0, 0, 0, 0, 0, 0, 0, 0, 0, 0\n1, 0, 0, 0, 0, 1, 0, 0, 0, 0, 0, 0, 0]"] ;
58 -> 60 ;
61 [label="gini = 0.0\nsamples = 1\nvalue = [0, 0, 0, 0, 0, 0, 0, 0, 0, 0, 0, 0, 0, 0\n1, 0, 0, 0, 0, 0, 0, 0, 0, 0, 0, 0, 0]"] ;
60 -> 61 ;
62 [label="gini = 0.0\nsamples = 1\nvalue = [0, 0, 0, 0, 0, 0, 0, 0, 0, 0, 0, 0, 0, 0\n0, 0, 0, 0, 0, 1, 0, 0, 0, 0, 0, 0, 0]"] ;
60 -> 62 ;
63 [label="X[13] <= 54.65\ngini = 0.741\nsamples = 9\nvalue = [0, 0, 0, 0, 0, 0, 0, 0, 0, 0, 0, 0, 0, 1\n4, 1, 1, 1, 0, 1, 0, 0, 0, 0, 0, 0, 0]"] ;
41 -> 63 ;
64 [label="X[17] <= 18.75\ngini = 0.5\nsamples = 6\nvalue = [0, 0, 0, 0, 0, 0, 0, 0, 0, 0, 0, 0, 0, 0\n4, 0, 1, 0, 0, 1, 0, 0, 0, 0, 0, 0, 0]"] ;
63 -> 64 ;
65 [label="gini = 0.0\nsamples = 4\nvalue = [0, 0, 0, 0, 0, 0, 0, 0, 0, 0, 0, 0, 0, 0\n4, 0, 0, 0, 0, 0, 0, 0, 0, 0, 0, 0, 0]"] ;
64 -> 65 ;
66 [label="X[16] <= 50.6\ngini = 0.5\nsamples = 2\nvalue = [0, 0, 0, 0, 0, 0, 0, 0, 0, 0, 0, 0, 0, 0\n0, 0, 1, 0, 0, 1, 0, 0, 0, 0, 0, 0, 0]"] ;
64 -> 66 ;
67 [label="gini = 0.0\nsamples = 1\nvalue = [0, 0, 0, 0, 0, 0, 0, 0, 0, 0, 0, 0, 0, 0\n0, 0, 0, 0, 0, 1, 0, 0, 0, 0, 0, 0, 0]"] ;
66 -> 67 ;
68 [label="gini = 0.0\nsamples = 1\nvalue = [0, 0, 0, 0, 0, 0, 0, 0, 0, 0, 0, 0, 0, 0\n0, 0, 1, 0, 0, 0, 0, 0, 0, 0, 0, 0, 0]"] ;
66 -> 68 ;
69 [label="X[4] <= 19.28\ngini = 0.667\nsamples = 3\nvalue = [0, 0, 0, 0, 0, 0, 0, 0, 0, 0, 0, 0, 0, 1\n0, 1, 0, 1, 0, 0, 0, 0, 0, 0, 0, 0, 0]"] ;
63 -> 69 ;
70 [label="gini = 0.0\nsamples = 1\nvalue = [0, 0, 0, 0, 0, 0, 0, 0, 0, 0, 0, 0, 0, 0\n0, 1, 0, 0, 0, 0, 0, 0, 0, 0, 0, 0, 0]"] ;
69 -> 70 ;
71 [label="X[7] <= 2.05\ngini = 0.5\nsamples = 2\nvalue = [0, 0, 0, 0, 0, 0, 0, 0, 0, 0, 0, 0, 0, 1\n0, 0, 0, 1, 0, 0, 0, 0, 0, 0, 0, 0, 0]"] ;
69 -> 71 ;
72 [label="gini = 0.0\nsamples = 1\nvalue = [0, 0, 0, 0, 0, 0, 0, 0, 0, 0, 0, 0, 0, 1\n0, 0, 0, 0, 0, 0, 0, 0, 0, 0, 0, 0, 0]"] ;
71 -> 72 ;
73 [label="gini = 0.0\nsamples = 1\nvalue = [0, 0, 0, 0, 0, 0, 0, 0, 0, 0, 0, 0, 0, 0\n0, 0, 0, 1, 0, 0, 0, 0, 0, 0, 0, 0, 0]"] ;
71 -> 73 ;
74 [label="X[4] <= 36.205\ngini = 0.904\nsamples = 35\nvalue = [1, 1, 1, 1, 1, 3, 5, 6, 2, 3, 3, 1, 4, 1\n0, 1, 1, 0, 0, 0, 0, 0, 0, 0, 0, 0, 0]"] ;
18 -> 74 ;
75 [label="X[6] <= 199.585\ngini = 0.9\nsamples = 27\nvalue = [1, 1, 0, 1, 1, 1, 1, 5, 2, 3, 3, 1, 4, 1\n0, 1, 1, 0, 0, 0, 0, 0, 0, 0, 0, 0, 0]"] ;
74 -> 75 ;
76 [label="X[17] <= 17.0\ngini = 0.91\nsamples = 24\nvalue = [1, 1, 0, 1, 1, 1, 1, 2, 2, 3, 3, 1, 4, 1\n0, 1, 1, 0, 0, 0, 0, 0, 0, 0, 0, 0, 0]"] ;
75 -> 76 ;
77 [label="X[13] <= 38.7\ngini = 0.893\nsamples = 17\nvalue = [1, 0, 0, 1, 1, 1, 0, 0, 2, 3, 3, 1, 1, 1\n0, 1, 1, 0, 0, 0, 0, 0, 0, 0, 0, 0, 0]"] ;
76 -> 77 ;
78 [label="X[2] <= 521603.5\ngini = 0.667\nsamples = 6\nvalue = [0, 0, 0, 1, 0, 0, 0, 0, 1, 3, 0, 1, 0, 0\n0, 0, 0, 0, 0, 0, 0, 0, 0, 0, 0, 0, 0]"] ;
77 -> 78 ;
79 [label="X[2] <= 174400.5\ngini = 0.667\nsamples = 3\nvalue = [0, 0, 0, 1, 0, 0, 0, 0, 1, 0, 0, 1, 0, 0\n0, 0, 0, 0, 0, 0, 0, 0, 0, 0, 0, 0, 0]"] ;
78 -> 79 ;
80 [label="gini = 0.0\nsamples = 1\nvalue = [0, 0, 0, 0, 0, 0, 0, 0, 0, 0, 0, 1, 0, 0\n0, 0, 0, 0, 0, 0, 0, 0, 0, 0, 0, 0, 0]"] ;
79 -> 80 ;
81 [label="X[6] <= 133.8\ngini = 0.5\nsamples = 2\nvalue = [0, 0, 0, 1, 0, 0, 0, 0, 1, 0, 0, 0, 0, 0\n0, 0, 0, 0, 0, 0, 0, 0, 0, 0, 0, 0, 0]"] ;
79 -> 81 ;
82 [label="gini = 0.0\nsamples = 1\nvalue = [0, 0, 0, 1, 0, 0, 0, 0, 0, 0, 0, 0, 0, 0\n0, 0, 0, 0, 0, 0, 0, 0, 0, 0, 0, 0, 0]"] ;
81 -> 82 ;
83 [label="gini = 0.0\nsamples = 1\nvalue = [0, 0, 0, 0, 0, 0, 0, 0, 1, 0, 0, 0, 0, 0\n0, 0, 0, 0, 0, 0, 0, 0, 0, 0, 0, 0, 0]"] ;
81 -> 83 ;
84 [label="gini = 0.0\nsamples = 3\nvalue = [0, 0, 0, 0, 0, 0, 0, 0, 0, 3, 0, 0, 0, 0\n0, 0, 0, 0, 0, 0, 0, 0, 0, 0, 0, 0, 0]"] ;
78 -> 84 ;
85 [label="X[18] <= 46.5\ngini = 0.86\nsamples = 11\nvalue = [1, 0, 0, 0, 1, 1, 0, 0, 1, 0, 3, 0, 1, 1\n0, 1, 1, 0, 0, 0, 0, 0, 0, 0, 0, 0, 0]"] ;
77 -> 85 ;
86 [label="X[2] <= 172591.0\ngini = 0.375\nsamples = 4\nvalue = [0, 0, 0, 0, 0, 0, 0, 0, 0, 0, 3, 0, 0, 0\n0, 1, 0, 0, 0, 0, 0, 0, 0, 0, 0, 0, 0]"] ;
85 -> 86 ;
87 [label="gini = 0.0\nsamples = 1\nvalue = [0, 0, 0, 0, 0, 0, 0, 0, 0, 0, 0, 0, 0, 0\n0, 1, 0, 0, 0, 0, 0, 0, 0, 0, 0, 0, 0]"] ;
86 -> 87 ;
88 [label="gini = 0.0\nsamples = 3\nvalue = [0, 0, 0, 0, 0, 0, 0, 0, 0, 0, 3, 0, 0, 0\n0, 0, 0, 0, 0, 0, 0, 0, 0, 0, 0, 0, 0]"] ;
86 -> 88 ;
89 [label="X[15] <= 6413775.5\ngini = 0.857\nsamples = 7\nvalue = [1, 0, 0, 0, 1, 1, 0, 0, 1, 0, 0, 0, 1, 1\n0, 0, 1, 0, 0, 0, 0, 0, 0, 0, 0, 0, 0]"] ;
85 -> 89 ;
90 [label="gini = 0.0\nsamples = 1\nvalue = [1, 0, 0, 0, 0, 0, 0, 0, 0, 0, 0, 0, 0, 0\n0, 0, 0, 0, 0, 0, 0, 0, 0, 0, 0, 0, 0]"] ;
89 -> 90 ;
91 [label="X[9] <= 2.55\ngini = 0.833\nsamples = 6\nvalue = [0, 0, 0, 0, 1, 1, 0, 0, 1, 0, 0, 0, 1, 1\n0, 0, 1, 0, 0, 0, 0, 0, 0, 0, 0, 0, 0]"] ;
89 -> 91 ;
92 [label="gini = 0.0\nsamples = 1\nvalue = [0, 0, 0, 0, 0, 0, 0, 0, 1, 0, 0, 0, 0, 0\n0, 0, 0, 0, 0, 0, 0, 0, 0, 0, 0, 0, 0]"] ;
91 -> 92 ;
93 [label="X[1] <= 27.35\ngini = 0.8\nsamples = 5\nvalue = [0, 0, 0, 0, 1, 1, 0, 0, 0, 0, 0, 0, 1, 1\n0, 0, 1, 0, 0, 0, 0, 0, 0, 0, 0, 0, 0]"] ;
91 -> 93 ;
94 [label="gini = 0.0\nsamples = 1\nvalue = [0, 0, 0, 0, 1, 0, 0, 0, 0, 0, 0, 0, 0, 0\n0, 0, 0, 0, 0, 0, 0, 0, 0, 0, 0, 0, 0]"] ;
93 -> 94 ;
95 [label="X[5] <= 4155.0\ngini = 0.75\nsamples = 4\nvalue = [0, 0, 0, 0, 0, 1, 0, 0, 0, 0, 0, 0, 1, 1\n0, 0, 1, 0, 0, 0, 0, 0, 0, 0, 0, 0, 0]"] ;
93 -> 95 ;
96 [label="gini = 0.0\nsamples = 1\nvalue = [0, 0, 0, 0, 0, 1, 0, 0, 0, 0, 0, 0, 0, 0\n0, 0, 0, 0, 0, 0, 0, 0, 0, 0, 0, 0, 0]"] ;
95 -> 96 ;
97 [label="X[14] <= 1.21\ngini = 0.667\nsamples = 3\nvalue = [0, 0, 0, 0, 0, 0, 0, 0, 0, 0, 0, 0, 1, 1\n0, 0, 1, 0, 0, 0, 0, 0, 0, 0, 0, 0, 0]"] ;
95 -> 97 ;
98 [label="gini = 0.0\nsamples = 1\nvalue = [0, 0, 0, 0, 0, 0, 0, 0, 0, 0, 0, 0, 1, 0\n0, 0, 0, 0, 0, 0, 0, 0, 0, 0, 0, 0, 0]"] ;
97 -> 98 ;
99 [label="X[2] <= 96385.0\ngini = 0.5\nsamples = 2\nvalue = [0, 0, 0, 0, 0, 0, 0, 0, 0, 0, 0, 0, 0, 1\n0, 0, 1, 0, 0, 0, 0, 0, 0, 0, 0, 0, 0]"] ;
97 -> 99 ;
100 [label="gini = 0.0\nsamples = 1\nvalue = [0, 0, 0, 0, 0, 0, 0, 0, 0, 0, 0, 0, 0, 0\n0, 0, 1, 0, 0, 0, 0, 0, 0, 0, 0, 0, 0]"] ;
99 -> 100 ;
101 [label="gini = 0.0\nsamples = 1\nvalue = [0, 0, 0, 0, 0, 0, 0, 0, 0, 0, 0, 0, 0, 1\n0, 0, 0, 0, 0, 0, 0, 0, 0, 0, 0, 0, 0]"] ;
99 -> 101 ;
102 [label="X[2] <= 703011.0\ngini = 0.694\nsamples = 7\nvalue = [0, 1, 0, 0, 0, 0, 1, 2, 0, 0, 0, 0, 3, 0\n0, 0, 0, 0, 0, 0, 0, 0, 0, 0, 0, 0, 0]"] ;
76 -> 102 ;
103 [label="X[7] <= 1.7\ngini = 0.56\nsamples = 5\nvalue = [0, 1, 0, 0, 0, 0, 1, 0, 0, 0, 0, 0, 3, 0\n0, 0, 0, 0, 0, 0, 0, 0, 0, 0, 0, 0, 0]"] ;
102 -> 103 ;
104 [label="gini = 0.0\nsamples = 1\nvalue = [0, 0, 0, 0, 0, 0, 1, 0, 0, 0, 0, 0, 0, 0\n0, 0, 0, 0, 0, 0, 0, 0, 0, 0, 0, 0, 0]"] ;
103 -> 104 ;
105 [label="X[15] <= 2235723.5\ngini = 0.375\nsamples = 4\nvalue = [0, 1, 0, 0, 0, 0, 0, 0, 0, 0, 0, 0, 3, 0\n0, 0, 0, 0, 0, 0, 0, 0, 0, 0, 0, 0, 0]"] ;
103 -> 105 ;
106 [label="gini = 0.0\nsamples = 1\nvalue = [0, 1, 0, 0, 0, 0, 0, 0, 0, 0, 0, 0, 0, 0\n0, 0, 0, 0, 0, 0, 0, 0, 0, 0, 0, 0, 0]"] ;
105 -> 106 ;
107 [label="gini = 0.0\nsamples = 3\nvalue = [0, 0, 0, 0, 0, 0, 0, 0, 0, 0, 0, 0, 3, 0\n0, 0, 0, 0, 0, 0, 0, 0, 0, 0, 0, 0, 0]"] ;
105 -> 107 ;
108 [label="gini = 0.0\nsamples = 2\nvalue = [0, 0, 0, 0, 0, 0, 0, 2, 0, 0, 0, 0, 0, 0\n0, 0, 0, 0, 0, 0, 0, 0, 0, 0, 0, 0, 0]"] ;
102 -> 108 ;
109 [label="gini = 0.0\nsamples = 3\nvalue = [0, 0, 0, 0, 0, 0, 0, 3, 0, 0, 0, 0, 0, 0\n0, 0, 0, 0, 0, 0, 0, 0, 0, 0, 0, 0, 0]"] ;
75 -> 109 ;
110 [label="X[11] <= 24388969984.0\ngini = 0.656\nsamples = 8\nvalue = [0, 0, 1, 0, 0, 2, 4, 1, 0, 0, 0, 0, 0, 0\n0, 0, 0, 0, 0, 0, 0, 0, 0, 0, 0, 0, 0]"] ;
74 -> 110 ;
111 [label="gini = 0.0\nsamples = 4\nvalue = [0, 0, 0, 0, 0, 0, 4, 0, 0, 0, 0, 0, 0, 0\n0, 0, 0, 0, 0, 0, 0, 0, 0, 0, 0, 0, 0]"] ;
110 -> 111 ;
112 [label="X[4] <= 39.435\ngini = 0.625\nsamples = 4\nvalue = [0, 0, 1, 0, 0, 2, 0, 1, 0, 0, 0, 0, 0, 0\n0, 0, 0, 0, 0, 0, 0, 0, 0, 0, 0, 0, 0]"] ;
110 -> 112 ;
113 [label="X[11] <= 241253826560.0\ngini = 0.5\nsamples = 2\nvalue = [0, 0, 1, 0, 0, 0, 0, 1, 0, 0, 0, 0, 0, 0\n0, 0, 0, 0, 0, 0, 0, 0, 0, 0, 0, 0, 0]"] ;
112 -> 113 ;
114 [label="gini = 0.0\nsamples = 1\nvalue = [0, 0, 0, 0, 0, 0, 0, 1, 0, 0, 0, 0, 0, 0\n0, 0, 0, 0, 0, 0, 0, 0, 0, 0, 0, 0, 0]"] ;
113 -> 114 ;
115 [label="gini = 0.0\nsamples = 1\nvalue = [0, 0, 1, 0, 0, 0, 0, 0, 0, 0, 0, 0, 0, 0\n0, 0, 0, 0, 0, 0, 0, 0, 0, 0, 0, 0, 0]"] ;
113 -> 115 ;
116 [label="gini = 0.0\nsamples = 2\nvalue = [0, 0, 0, 0, 0, 2, 0, 0, 0, 0, 0, 0, 0, 0\n0, 0, 0, 0, 0, 0, 0, 0, 0, 0, 0, 0, 0]"] ;
112 -> 116 ;
}
